24
10

v	2		0
v	-1		2
v	-3		-2
v	-4		2
v	-6		-1
v	-6		2
v	-6		1
v	-6		0.5
v	-7		1
v	-7		0.5
v	-8		1
v	-8		0.5
v	-9		1
v	-9		0.5
v	-9		1.5
v	-10		2.5
v	-12		2
v	-12		-0.5
v	-10		-1.5
v	-9		0
v	-6		1.5
v	-4		0
v	-8.3	1.5
v	-7.1	0

s	3 0.1		0 1 2		-1 1 -1		0 1 0		100
s	1 0		1 3 4 2		-1 2 -1 0		0 0 0 1	75
s	2 -1		3 5 6 7 4		-1 -1 3 -1 1	0 0 0 0 0	50
s	1.1 -0.9	7 6 8 9		2 -1 4 -1	0 0 0 0		25
s	1.2 -0.8	9 8 10 11	3 -1 5 -1	0 0 0 0	50
s	2 -0.7	11 10 12 13	4 -1 6 -1	0 0 0 0	100
s	2 1	13 12 14 15 16 17 18 19	5 -1 7 -1 -1 -1 8 -1 	0 0 0 0 0 0 0 0	100
s	2 1	20 15 14 22	-1 6 -1 9	0 0 0 0	100
s	2 1	21 23 19 18	9 -1 6 -1	0 0 0 0	100
s	2 1	20 22 12 13 23 21	7 -1 -1 -1 8 -1	0 0 0 0 0 0	100
